filename,Topic 1,Topic 2,Topic 3,Topic 4,Topic 5,Topic 6,Topic 7,Topic 8,Topic 9,Topic 10
text189,0.769230769,0.025641026,0.023504274,0.032051282,0.025641026,0.023504274,0.02991453,0.023504274,0.019230769,0.027777778
text894,0.75,0.023006135,0.012269939,0.01993865,0.035276074,0.029141104,0.021472393,0.056748466,0.015337423,0.036809816
text903,0.745341615,0.027950311,0.01552795,0.02484472,0.02484472,0.040372671,0.02484472,0.034161491,0.034161491,0.027950311
text900,0.721428571,0.04047619,0.021428571,0.026190476,0.030952381,0.064285714,0.019047619,0.038095238,0.016666667,0.021428571
text1181,0.712941176,0.056470588,0.028235294,0.025882353,0.018823529,0.014117647,0.077647059,0.018823529,0.018823529,0.028235294
text1174,0.709473684,0.021052632,0.027368421,0.018947368,0.025263158,0.048421053,0.021052632,0.052631579,0.04,0.035789474
text970,0.708683473,0.042016807,0.019607843,0.025210084,0.022408964,0.022408964,0.025210084,0.070028011,0.025210084,0.039215686
text1173,0.704854369,0.031067961,0.015533981,0.025242718,0.027184466,0.031067961,0.034951456,0.06407767,0.034951456,0.031067961
text1145,0.702222222,0.031111111,0.026666667,0.035555556,0.031111111,0.031111111,0.057777778,0.026666667,0.035555556,0.022222222
text901,0.701886792,0.043396226,0.037735849,0.041509434,0.052830189,0.033962264,0.020754717,0.026415094,0.016981132,0.024528302
text461,0.692098093,0.027247956,0.016348774,0.065395095,0.029972752,0.046321526,0.046321526,0.019073569,0.021798365,0.035422343
text1116,0.688679245,0.018867925,0.018867925,0.031446541,0.034591195,0.053459119,0.040880503,0.034591195,0.047169811,0.031446541
text887,0.688356164,0.030821918,0.02739726,0.023972603,0.023972603,0.061643836,0.020547945,0.061643836,0.034246575,0.02739726
text1139,0.686046512,0.034883721,0.027131783,0.027131783,0.03875969,0.03875969,0.023255814,0.050387597,0.03875969,0.034883721
text969,0.667546174,0.031662269,0.039577836,0.029023747,0.029023747,0.036939314,0.044854881,0.044854881,0.018469657,0.058047493
text1384,0.665338645,0.03187251,0.027888446,0.03187251,0.03187251,0.035856574,0.03187251,0.039840637,0.051792829,0.051792829
text356,0.663492063,0.047619048,0.019047619,0.034920635,0.038095238,0.063492063,0.044444444,0.025396825,0.028571429,0.034920635
text1185,0.662650602,0.030120482,0.036144578,0.021084337,0.030120482,0.06626506,0.042168675,0.03313253,0.054216867,0.024096386
text1177,0.662162162,0.036036036,0.031531532,0.018018018,0.040540541,0.033783784,0.047297297,0.076576577,0.015765766,0.038288288
text1149,0.662100457,0.03196347,0.02739726,0.03652968,0.059360731,0.063926941,0.03652968,0.02283105,0.02739726,0.03196347
text186,0.662082515,0.068762279,0.027504912,0.023575639,0.055009823,0.049115914,0.013752456,0.039292731,0.023575639,0.037328094
text1099,0.661392405,0.028481013,0.018987342,0.018987342,0.03164557,0.034810127,0.025316456,0.10443038,0.056962025,0.018987342
text1156,0.659685864,0.095986038,0.036649215,0.020942408,0.020942408,0.017452007,0.034904014,0.045375218,0.02443281,0.043630017
text897,0.65530303,0.018939394,0.018939394,0.034090909,0.037878788,0.037878788,0.087121212,0.045454545,0.03030303,0.034090909
text4,0.652068127,0.052311436,0.03406326,0.01216545,0.098540146,0.035279805,0.01946472,0.045012165,0.02189781,0.02919708
text1386,0.650837989,0.058659218,0.019553073,0.053072626,0.019553073,0.016759777,0.027932961,0.078212291,0.019553073,0.055865922
text122,0.650579151,0.034749035,0.021235521,0.019305019,0.123552124,0.030888031,0.017374517,0.032818533,0.027027027,0.042471042
text1087,0.647577093,0.057268722,0.022026432,0.035242291,0.026431718,0.052863436,0.026431718,0.052863436,0.030837004,0.04845815
text893,0.64690027,0.056603774,0.035040431,0.045822102,0.029649596,0.021563342,0.032345013,0.02425876,0.040431267,0.067385445
text911,0.643598616,0.091695502,0.020761246,0.034602076,0.027681661,0.020761246,0.039792388,0.055363322,0.020761246,0.044982699
text1175,0.642004773,0.050119332,0.057279236,0.014319809,0.040572792,0.050119332,0.045346062,0.045346062,0.033412888,0.021479714
text1252,0.639037433,0.034759358,0.053475936,0.024064171,0.048128342,0.064171123,0.032085561,0.037433155,0.029411765,0.037433155
text355,0.637873754,0.053156146,0.023255814,0.03986711,0.059800664,0.03986711,0.029900332,0.049833887,0.03986711,0.026578073
text1188,0.637142857,0.022857143,0.022857143,0.022857143,0.062857143,0.045714286,0.048571429,0.034285714,0.045714286,0.057142857
text601,0.636574074,0.074074074,0.013888889,0.060185185,0.013888889,0.020833333,0.050925926,0.060185185,0.018518519,0.050925926
text244,0.636065574,0.062295082,0.032786885,0.042622951,0.049180328,0.026229508,0.042622951,0.029508197,0.026229508,0.052459016
text1147,0.631728045,0.025495751,0.025495751,0.028328612,0.053824363,0.050991501,0.02266289,0.062322946,0.065155807,0.033994334
text197,0.631097561,0.030487805,0.030487805,0.015243902,0.06097561,0.021341463,0.048780488,0.106707317,0.027439024,0.027439024
text936,0.630541872,0.02955665,0.039408867,0.044334975,0.02955665,0.068965517,0.034482759,0.049261084,0.02955665,0.044334975
text677,0.629186603,0.038277512,0.035885167,0.141148325,0.035885167,0.016746411,0.033492823,0.016746411,0.026315789,0.026315789
text898,0.628205128,0.028846154,0.028846154,0.044871795,0.044871795,0.025641026,0.038461538,0.057692308,0.016025641,0.086538462
text1186,0.627306273,0.018450185,0.025830258,0.025830258,0.033210332,0.040590406,0.025830258,0.099630996,0.066420664,0.036900369
text827,0.618911175,0.088825215,0.031518625,0.022922636,0.037249284,0.022922636,0.06017192,0.028653295,0.028653295,0.06017192
text1200,0.616600791,0.035573123,0.031620553,0.023715415,0.043478261,0.059288538,0.043478261,0.039525692,0.043478261,0.063241107
text229,0.613445378,0.013445378,0.040336134,0.011764706,0.067226891,0.05210084,0.013445378,0.112605042,0.063865546,0.011764706
text663,0.61341853,0.038338658,0.015974441,0.14057508,0.041533546,0.057507987,0.028753994,0.022364217,0.019169329,0.022364217
text996,0.611275964,0.041543027,0.026706231,0.017804154,0.050445104,0.029673591,0.080118694,0.047477745,0.044510386,0.050445104
text896,0.610655738,0.036885246,0.049180328,0.032786885,0.032786885,0.032786885,0.073770492,0.06147541,0.045081967,0.024590164
text1269,0.608695652,0.028985507,0.038647343,0.028985507,0.048309179,0.072463768,0.048309179,0.043478261,0.057971014,0.024154589
text938,0.604554865,0.051759834,0.026915114,0.022774327,0.037267081,0.026915114,0.080745342,0.022774327,0.080745342,0.045548654
text1095,0.602803738,0.021028037,0.023364486,0.070093458,0.039719626,0.042056075,0.03271028,0.042056075,0.028037383,0.098130841
text117,0.598039216,0.023529412,0.023529412,0.023529412,0.056862745,0.054901961,0.064705882,0.060784314,0.023529412,0.070588235
text168,0.595541401,0.044585987,0.054140127,0.031847134,0.038216561,0.022292994,0.038216561,0.070063694,0.082802548,0.022292994
text698,0.595360825,0.054123711,0.030927835,0.149484536,0.041237113,0.020618557,0.020618557,0.020618557,0.033505155,0.033505155
text455,0.590457256,0.06361829,0.029821074,0.015904573,0.07554672,0.035785288,0.039761431,0.021868787,0.095427435,0.031809145
text444,0.589420655,0.050377834,0.017632242,0.060453401,0.040302267,0.083123426,0.04534005,0.060453401,0.025188917,0.027707809
text922,0.588709677,0.072580645,0.052419355,0.040322581,0.048387097,0.044354839,0.028225806,0.056451613,0.036290323,0.032258065
text1167,0.587188612,0.046263345,0.042704626,0.035587189,0.074733096,0.049822064,0.053380783,0.024911032,0.042704626,0.042704626
text1094,0.583596215,0.034700315,0.018927445,0.03785489,0.047318612,0.072555205,0.025236593,0.085173502,0.03785489,0.056782334
text840,0.581818182,0.112727273,0.04,0.032727273,0.04,0.047272727,0.021818182,0.054545455,0.04,0.029090909
text1100,0.568965517,0.020114943,0.043103448,0.014367816,0.07183908,0.07183908,0.028735632,0.060344828,0.043103448,0.077586207
text656,0.568,0.036,0.032,0.044,0.04,0.092,0.08,0.032,0.032,0.044
text973,0.563573883,0.024054983,0.034364261,0.030927835,0.048109966,0.020618557,0.041237113,0.020618557,0.030927835,0.18556701
text600,0.561764706,0.029411765,0.026470588,0.147058824,0.023529412,0.067647059,0.026470588,0.023529412,0.029411765,0.064705882
text697,0.555555556,0.031746032,0.031746032,0.058201058,0.047619048,0.08994709,0.042328042,0.068783069,0.047619048,0.026455026
text1404,0.55483871,0.029032258,0.074193548,0.032258065,0.029032258,0.096774194,0.029032258,0.064516129,0.048387097,0.041935484
text105,0.553571429,0.219387755,0.035714286,0.035714286,0.035714286,0.017857143,0.015306122,0.028061224,0.017857143,0.040816327
text1202,0.550955414,0.031847134,0.041401274,0.041401274,0.162420382,0.041401274,0.038216561,0.038216561,0.01910828,0.035031847
text48,0.549865229,0.045822102,0.018867925,0.02425876,0.115902965,0.051212938,0.043126685,0.067385445,0.026954178,0.056603774
text1388,0.549839228,0.08681672,0.032154341,0.028938907,0.054662379,0.035369775,0.045016077,0.07073955,0.035369775,0.061093248
text378,0.547169811,0.037735849,0.023584906,0.04009434,0.054245283,0.033018868,0.056603774,0.058962264,0.054245283,0.094339623
text755,0.54676259,0.050359712,0.064748201,0.071942446,0.035971223,0.050359712,0.043165468,0.057553957,0.035971223,0.043165468
text920,0.545454545,0.107226107,0.023310023,0.018648019,0.079254079,0.048951049,0.067599068,0.03030303,0.053613054,0.025641026
text553,0.54375,0.015625,0.04375,0.021875,0.078125,0.071875,0.053125,0.078125,0.046875,0.046875
text514,0.541916168,0.038922156,0.041916168,0.023952096,0.062874251,0.053892216,0.071856287,0.035928144,0.089820359,0.038922156
text1248,0.539583333,0.06875,0.0125,0.03125,0.060416667,0.070833333,0.114583333,0.033333333,0.020833333,0.047916667
text190,0.539473684,0.101973684,0.026315789,0.039473684,0.085526316,0.039473684,0.023026316,0.082236842,0.036184211,0.026315789
text1204,0.538873995,0.040214477,0.053619303,0.032171582,0.040214477,0.032171582,0.029490617,0.075067024,0.029490617,0.128686327
text295,0.536764706,0.167279412,0.016544118,0.112132353,0.022058824,0.020220588,0.022058824,0.029411765,0.0625,0.011029412
text283,0.535135135,0.024324324,0.016216216,0.137837838,0.013513514,0.037837838,0.021621622,0.07027027,0.013513514,0.12972973
text391,0.532142857,0.025,0.042857143,0.042857143,0.103571429,0.028571429,0.071428571,0.032142857,0.053571429,0.067857143
text1182,0.526086957,0.026086957,0.091304348,0.026086957,0.039130435,0.069565217,0.02173913,0.1,0.052173913,0.047826087
text1255,0.525862069,0.213362069,0.015086207,0.017241379,0.036637931,0.025862069,0.030172414,0.043103448,0.023706897,0.068965517
text261,0.523659306,0.022082019,0.031545741,0.031545741,0.138801262,0.041009464,0.050473186,0.025236593,0.028391167,0.107255521
text384,0.523076923,0.021538462,0.027692308,0.04,0.2,0.024615385,0.027692308,0.018461538,0.033846154,0.083076923
text129,0.522916667,0.06875,0.027083333,0.03125,0.09375,0.03125,0.045833333,0.0625,0.020833333,0.095833333
text271,0.520958084,0.062874251,0.032934132,0.077844311,0.101796407,0.026946108,0.041916168,0.047904192,0.038922156,0.047904192
text360,0.519480519,0.032467532,0.038961039,0.038961039,0.133116883,0.048701299,0.048701299,0.042207792,0.048701299,0.048701299
text895,0.518672199,0.024896266,0.033195021,0.041493776,0.033195021,0.107883817,0.074688797,0.070539419,0.041493776,0.053941909
text195,0.516233766,0.035714286,0.077922078,0.029220779,0.045454545,0.038961039,0.087662338,0.068181818,0.038961039,0.061688312
text1088,0.513274336,0.066371681,0.088495575,0.022123894,0.048672566,0.030973451,0.026548673,0.115044248,0.03539823,0.053097345
text128,0.512585812,0.073226545,0.032036613,0.086956522,0.107551487,0.025171625,0.016018307,0.036613272,0.075514874,0.034324943
text751,0.511111111,0.02962963,0.033333333,0.037037037,0.137037037,0.066666667,0.033333333,0.062962963,0.037037037,0.051851852
text1211,0.5078125,0.02734375,0.03125,0.0234375,0.02734375,0.09765625,0.02734375,0.12109375,0.08984375,0.046875
text1281,0.505660377,0.103773585,0.032075472,0.069811321,0.135849057,0.043396226,0.026415094,0.030188679,0.032075472,0.020754717
text1194,0.505139501,0.022026432,0.030837004,0.042584435,0.07195301,0.032305433,0.06020558,0.03671072,0.027900147,0.170337739
text145,0.505070994,0.018255578,0.148073022,0.020283976,0.024340771,0.068965517,0.018255578,0.087221095,0.089249493,0.020283976
text808,0.504559271,0.018237082,0.03343465,0.024316109,0.194528875,0.054711246,0.045592705,0.018237082,0.018237082,0.088145897
text152,0.504347826,0.019130435,0.066086957,0.015652174,0.057391304,0.043478261,0.022608696,0.062608696,0.085217391,0.123478261
text1128,0.502538071,0.027918782,0.055837563,0.020304569,0.045685279,0.147208122,0.02284264,0.063451777,0.076142132,0.038071066
text132,0.493150685,0.167808219,0.037671233,0.029109589,0.077054795,0.037671233,0.018835616,0.039383562,0.058219178,0.04109589
text119,0.493055556,0.048611111,0.072916667,0.045138889,0.145833333,0.024305556,0.045138889,0.03125,0.052083333,0.041666667
text221,0.492907801,0.046099291,0.092198582,0.088652482,0.117021277,0.046099291,0.024822695,0.031914894,0.039007092,0.021276596
text1077,0.488715278,0.079861111,0.010416667,0.032986111,0.085069444,0.015625,0.074652778,0.105034722,0.009548611,0.098090278
text74,0.487240076,0.043005671,0.043005671,0.014650284,0.193289225,0.047731569,0.040170132,0.037334594,0.04442344,0.049149338
text54,0.485074627,0.111940299,0.037313433,0.152985075,0.03358209,0.03358209,0.018656716,0.026119403,0.018656716,0.082089552
text790,0.484375,0.0625,0.0390625,0.0703125,0.09375,0.0625,0.046875,0.046875,0.0390625,0.0546875
text1304,0.48125,0.065625,0.025,0.1375,0.059375,0.034375,0.034375,0.05625,0.071875,0.034375
text1294,0.478753541,0.018413598,0.065155807,0.009915014,0.120396601,0.077903683,0.019830028,0.097733711,0.083569405,0.028328612
text486,0.47766323,0.048109966,0.113402062,0.024054983,0.103092784,0.048109966,0.037800687,0.034364261,0.085910653,0.027491409
text182,0.477459016,0.12295082,0.069672131,0.047131148,0.057377049,0.016393443,0.047131148,0.073770492,0.024590164,0.06352459
text53,0.476303318,0.052132701,0.052132701,0.033175355,0.154028436,0.071090047,0.033175355,0.042654028,0.056872038,0.028436019
text1274,0.474934037,0.044854881,0.031662269,0.018469657,0.026385224,0.063324538,0.224274406,0.042216359,0.036939314,0.036939314
text605,0.474358974,0.044871795,0.044871795,0.044871795,0.076923077,0.08974359,0.044871795,0.064102564,0.044871795,0.070512821
text150,0.469230769,0.217307692,0.051923077,0.038461538,0.063461538,0.023076923,0.019230769,0.028846154,0.021153846,0.067307692
text1357,0.467640919,0.154488518,0.035490605,0.054279749,0.135699374,0.022964509,0.025052192,0.027139875,0.033402923,0.043841336
text417,0.467640919,0.020876827,0.056367432,0.037578288,0.212943633,0.045929019,0.033402923,0.027139875,0.03131524,0.066805846
text148,0.464912281,0.035087719,0.026315789,0.026315789,0.213450292,0.043859649,0.01754386,0.029239766,0.035087719,0.108187135
text834,0.462540717,0.042345277,0.100977199,0.026058632,0.146579805,0.055374593,0.035830619,0.052117264,0.048859935,0.029315961
text175,0.460606061,0.051515152,0.042424242,0.027272727,0.084848485,0.066666667,0.045454545,0.115151515,0.042424242,0.063636364
text1016,0.460273973,0.043835616,0.021917808,0.04109589,0.054794521,0.098630137,0.046575342,0.120547945,0.087671233,0.024657534
text1273,0.459546926,0.03236246,0.03236246,0.029126214,0.080906149,0.03236246,0.03236246,0.203883495,0.022653722,0.074433657
text701,0.455621302,0.023668639,0.050295858,0.026627219,0.150887574,0.050295858,0.038461538,0.068047337,0.050295858,0.085798817
text114,0.44549763,0.078199052,0.023696682,0.109004739,0.059241706,0.030805687,0.018957346,0.047393365,0.028436019,0.158767773
text1228,0.442622951,0.049180328,0.038251366,0.038251366,0.06010929,0.043715847,0.087431694,0.076502732,0.027322404,0.136612022
text1283,0.442446043,0.070143885,0.057553957,0.053956835,0.026978417,0.039568345,0.026978417,0.136690647,0.03057554,0.115107914
text1036,0.439759036,0.072289157,0.048192771,0.042168675,0.084337349,0.036144578,0.096385542,0.060240964,0.054216867,0.06626506
text371,0.438746439,0.034188034,0.022792023,0.193732194,0.028490028,0.042735043,0.065527066,0.056980057,0.025641026,0.091168091
text906,0.438247012,0.03187251,0.035856574,0.043824701,0.03187251,0.151394422,0.03187251,0.131474104,0.067729084,0.035856574
text194,0.438223938,0.146718147,0.081081081,0.05984556,0.086872587,0.019305019,0.015444015,0.088803089,0.025096525,0.038610039
text72,0.435897436,0.020242915,0.076923077,0.016194332,0.134952767,0.060728745,0.066126856,0.062078273,0.090418354,0.036437247
text1427,0.435344828,0.030172414,0.021551724,0.025862069,0.209051724,0.049568966,0.017241379,0.030172414,0.036637931,0.144396552
text1078,0.434782609,0.047101449,0.06884058,0.032608696,0.126811594,0.083333333,0.032608696,0.050724638,0.09057971,0.032608696
text104,0.433566434,0.132867133,0.045454545,0.027972028,0.108391608,0.038461538,0.038461538,0.038461538,0.108391608,0.027972028
text286,0.428571429,0.05,0.071428571,0.042857143,0.035714286,0.057142857,0.1,0.071428571,0.071428571,0.071428571
text34,0.428082192,0.184931507,0.02739726,0.071917808,0.044520548,0.061643836,0.034246575,0.051369863,0.061643836,0.034246575
text859,0.427652733,0.077170418,0.122186495,0.028938907,0.090032154,0.025723473,0.032154341,0.051446945,0.073954984,0.07073955
text330,0.421052632,0.041189931,0.018306636,0.201372998,0.04576659,0.022883295,0.016018307,0.025171625,0.022883295,0.185354691
text788,0.419254658,0.046583851,0.040372671,0.01863354,0.062111801,0.034161491,0.108695652,0.031055901,0.052795031,0.186335404
text1320,0.419178082,0.021917808,0.019178082,0.030136986,0.142465753,0.038356164,0.019178082,0.098630137,0.030136986,0.180821918
text1331,0.416666667,0.072072072,0.06981982,0.015765766,0.166666667,0.033783784,0.051801802,0.022522523,0.031531532,0.119369369
text814,0.415584416,0.025974026,0.038961039,0.088311688,0.124675325,0.020779221,0.046753247,0.028571429,0.018181818,0.192207792
text636,0.41509434,0.034591195,0.044025157,0.044025157,0.229559748,0.034591195,0.037735849,0.040880503,0.028301887,0.091194969
text1316,0.410169492,0.030508475,0.020338983,0.023728814,0.047457627,0.033898305,0.027118644,0.250847458,0.037288136,0.118644068
text569,0.409594096,0.033210332,0.051660517,0.029520295,0.228782288,0.073800738,0.022140221,0.055350554,0.055350554,0.040590406
text759,0.408018868,0.025943396,0.035377358,0.018867925,0.04245283,0.04245283,0.240566038,0.08490566,0.025943396,0.075471698
text1101,0.405660377,0.037735849,0.04245283,0.066037736,0.075471698,0.122641509,0.028301887,0.103773585,0.08490566,0.033018868
text1227,0.405286344,0.035242291,0.024229075,0.017621145,0.110132159,0.066079295,0.061674009,0.030837004,0.18061674,0.068281938
text899,0.405172414,0.074712644,0.025862069,0.017241379,0.172413793,0.020114943,0.025862069,0.068965517,0.048850575,0.140804598
text885,0.405144695,0.035369775,0.022508039,0.051446945,0.057877814,0.038585209,0.122186495,0.073954984,0.01607717,0.176848875
text1135,0.402380952,0.373809524,0.019047619,0.042857143,0.026190476,0.035714286,0.04047619,0.014285714,0.021428571,0.023809524
text228,0.401960784,0.039215686,0.075163399,0.035947712,0.140522876,0.029411765,0.045751634,0.091503268,0.052287582,0.088235294
text1108,0.398510242,0.292364991,0.026070764,0.016759777,0.039106145,0.026070764,0.046554935,0.070763501,0.031657356,0.052141527
text1038,0.397183099,0.05915493,0.056338028,0.025352113,0.115492958,0.045070423,0.115492958,0.028169014,0.070422535,0.087323944
text1299,0.394190871,0.024896266,0.070539419,0.012448133,0.131396957,0.060857538,0.022130014,0.165975104,0.091286307,0.026279391
text1410,0.392307692,0.107692308,0.025641026,0.020512821,0.161538462,0.030769231,0.046153846,0.115384615,0.048717949,0.051282051
text163,0.39144385,0.016042781,0.07486631,0.009625668,0.275935829,0.060962567,0.028877005,0.090909091,0.031016043,0.020320856
text1396,0.38700565,0.033898305,0.028248588,0.033898305,0.09039548,0.019774011,0.042372881,0.070621469,0.016949153,0.276836158
text831,0.384364821,0.022801303,0.016286645,0.026058632,0.175895765,0.03257329,0.029315961,0.045602606,0.039087948,0.228013029
text488,0.383050847,0.030508475,0.081355932,0.027118644,0.220338983,0.061016949,0.016949153,0.054237288,0.054237288,0.071186441
text1380,0.381944444,0.101851852,0.020833333,0.041666667,0.071759259,0.032407407,0.027777778,0.032407407,0.048611111,0.240740741
text510,0.380403458,0.121037464,0.034582133,0.023054755,0.109510086,0.074927954,0.123919308,0.028818444,0.040345821,0.063400576
text1348,0.3784219,0.014492754,0.020933977,0.035426731,0.05958132,0.1352657,0.01610306,0.162640902,0.099838969,0.077294686
text100,0.37804878,0.027439024,0.048780488,0.030487805,0.036585366,0.195121951,0.018292683,0.12804878,0.100609756,0.036585366
text1270,0.375338753,0.02303523,0.025745257,0.035230352,0.028455285,0.014905149,0.033875339,0.028455285,0.021680217,0.413279133
text1321,0.373259053,0.033426184,0.033426184,0.025069638,0.030640669,0.027855153,0.04178273,0.311977716,0.08356546,0.038997214
text358,0.372623574,0.068441065,0.041825095,0.041825095,0.129277567,0.152091255,0.060836502,0.060836502,0.038022814,0.034220532
text224,0.364431487,0.093294461,0.058309038,0.040816327,0.064139942,0.04664723,0.055393586,0.104956268,0.12244898,0.049562682
text1308,0.363171355,0.079283887,0.046035806,0.017902813,0.05370844,0.046035806,0.076726343,0.115089514,0.132992327,0.069053708
text847,0.362318841,0.055072464,0.104347826,0.026086957,0.11884058,0.057971014,0.066666667,0.098550725,0.017391304,0.092753623
text126,0.359003398,0.06002265,0.064552661,0.022650057,0.13590034,0.026047565,0.08380521,0.139297848,0.036240091,0.072480181
text285,0.358778626,0.196564885,0.08778626,0.061068702,0.02480916,0.059160305,0.066793893,0.032442748,0.030534351,0.082061069
text493,0.353982301,0.150442478,0.053097345,0.07079646,0.048672566,0.048672566,0.101769912,0.030973451,0.110619469,0.030973451
text1278,0.353773585,0.021226415,0.014150943,0.063679245,0.030660377,0.030660377,0.047169811,0.035377358,0.035377358,0.367924528
text1168,0.35326087,0.244565217,0.027173913,0.070652174,0.027173913,0.065217391,0.048913043,0.043478261,0.081521739,0.038043478
text144,0.352331606,0.051813472,0.067357513,0.067357513,0.07253886,0.134715026,0.03626943,0.07253886,0.103626943,0.041450777
text1309,0.351674641,0.019138756,0.0215311,0.033492823,0.088516746,0.038277512,0.0215311,0.253588517,0.050239234,0.122009569
text170,0.350490196,0.240196078,0.024509804,0.06127451,0.071078431,0.039215686,0.034313725,0.066176471,0.051470588,0.06127451
text14,0.346153846,0.067873303,0.040723982,0.018099548,0.058823529,0.031674208,0.088235294,0.251131222,0.076923077,0.020361991
text1426,0.343358396,0.042606516,0.030075188,0.030075188,0.022556391,0.087719298,0.035087719,0.308270677,0.035087719,0.065162907
text1046,0.343137255,0.258169935,0.062091503,0.019607843,0.068627451,0.029411765,0.062091503,0.062091503,0.068627451,0.026143791
text1172,0.34083045,0.053633218,0.01384083,0.119377163,0.03633218,0.025951557,0.015570934,0.032871972,0.022491349,0.339100346
text1282,0.340425532,0.025531915,0.046808511,0.036170213,0.055319149,0.053191489,0.034042553,0.191489362,0.017021277,0.2
text1286,0.337142857,0.04,0.051428571,0.028571429,0.034285714,0.085714286,0.057142857,0.257142857,0.034285714,0.074285714
text33,0.334963325,0.303178484,0.02200489,0.024449878,0.046454768,0.02200489,0.041564792,0.112469438,0.046454768,0.046454768
text1301,0.332369942,0.104046243,0.046242775,0.069364162,0.026011561,0.049132948,0.144508671,0.104046243,0.078034682,0.046242775
text951,0.331753555,0.139810427,0.042654028,0.063981043,0.018957346,0.018957346,0.021327014,0.127962085,0.04028436,0.194312796
text141,0.329787234,0.138297872,0.053191489,0.085106383,0.069148936,0.037234043,0.063829787,0.074468085,0.090425532,0.058510638
text426,0.329479769,0.179190751,0.075144509,0.046242775,0.046242775,0.034682081,0.046242775,0.10982659,0.034682081,0.098265896
text686,0.326860841,0.038834951,0.077669903,0.035598706,0.100323625,0.165048544,0.087378641,0.077669903,0.035598706,0.055016181
text106,0.32642487,0.31865285,0.023316062,0.054404145,0.069948187,0.028497409,0.023316062,0.062176166,0.075129534,0.018134715
text1318,0.323636364,0.04,0.025454545,0.047272727,0.036363636,0.025454545,0.032727273,0.08,0.043636364,0.345454545
text1187,0.321759259,0.050925926,0.252314815,0.018518519,0.069444444,0.048611111,0.034722222,0.099537037,0.048611111,0.055555556
text339,0.319444444,0.253472222,0.059027778,0.027777778,0.069444444,0.072916667,0.048611111,0.059027778,0.055555556,0.034722222
text120,0.318181818,0.048701299,0.042207792,0.019480519,0.237012987,0.051948052,0.146103896,0.068181818,0.038961039,0.029220779
text312,0.314685315,0.062937063,0.034965035,0.027972028,0.195804196,0.101398601,0.031468531,0.052447552,0.132867133,0.045454545
text681,0.312977099,0.027989822,0.027989822,0.022900763,0.040712468,0.027989822,0.066157761,0.081424936,0.03562341,0.356234097
text162,0.3125,0.066176471,0.069852941,0.036764706,0.125,0.091911765,0.0625,0.0625,0.080882353,0.091911765
text588,0.311178248,0.033232628,0.033232628,0.151057402,0.105740181,0.060422961,0.084592145,0.051359517,0.036253776,0.132930514
text1067,0.310699588,0.043209877,0.061728395,0.016460905,0.12962963,0.102880658,0.020576132,0.228395062,0.051440329,0.034979424
text990,0.310657596,0.015873016,0.0430839,0.015873016,0.070294785,0.095238095,0.079365079,0.265306122,0.0861678,0.01814059
text576,0.30994152,0.286549708,0.032163743,0.038011696,0.087719298,0.032163743,0.049707602,0.067251462,0.035087719,0.061403509
text377,0.308300395,0.138339921,0.055335968,0.035573123,0.225296443,0.035573123,0.039525692,0.031620553,0.071146245,0.059288538
text13,0.307377049,0.116803279,0.026639344,0.034836066,0.165983607,0.028688525,0.036885246,0.18647541,0.030737705,0.06557377
text924,0.305122494,0.026726058,0.042316258,0.033407572,0.062360802,0.122494432,0.053452116,0.028953229,0.296213808,0.028953229
text607,0.3,0.14375,0.1,0.05,0.1,0.05,0.05,0.075,0.0625,0.06875
text1024,0.298701299,0.038961039,0.028138528,0.021645022,0.073593074,0.062770563,0.222943723,0.142857143,0.021645022,0.088744589
text1291,0.296907216,0.142268041,0.037113402,0.028865979,0.321649485,0.035051546,0.032989691,0.032989691,0.028865979,0.043298969
text1422,0.290388548,0.030674847,0.028629857,0.034764826,0.163599182,0.032719836,0.047034765,0.09202454,0.042944785,0.237218814
text1409,0.289855072,0.328502415,0.057971014,0.043478261,0.053140097,0.072463768,0.043478261,0.028985507,0.048309179,0.033816425
text164,0.289093298,0.070959264,0.015768725,0.013140604,0.139290407,0.032851511,0.304862024,0.060446781,0.036793693,0.036793693
text941,0.288461538,0.028846154,0.072115385,0.033653846,0.117788462,0.0625,0.213942308,0.060096154,0.052884615,0.069711538
text1206,0.286026201,0.043668122,0.065502183,0.23580786,0.076419214,0.019650655,0.017467249,0.024017467,0.015283843,0.216157205
text948,0.282560706,0.059602649,0.024282561,0.050772627,0.033112583,0.022075055,0.052980132,0.231788079,0.028697572,0.214128035
text923,0.28164557,0.022151899,0.028481013,0.041139241,0.066455696,0.047468354,0.205696203,0.041139241,0.015822785,0.25
text998,0.281437126,0.071856287,0.077844311,0.047904192,0.101796407,0.05988024,0.065868263,0.149700599,0.101796407,0.041916168
text99,0.28067701,0.049365303,0.029619182,0.022566996,0.067700987,0.05077574,0.019746121,0.229901269,0.15796897,0.09167842
text589,0.279863481,0.051194539,0.075085324,0.023890785,0.208191126,0.054607509,0.075085324,0.061433447,0.064846416,0.105802048
text157,0.279693487,0.021072797,0.038314176,0.019157088,0.139846743,0.024904215,0.090038314,0.024904215,0.053639847,0.308429119
text301,0.277620397,0.135977337,0.025495751,0.254957507,0.033994334,0.016997167,0.079320113,0.050991501,0.045325779,0.079320113
text966,0.276397516,0.034161491,0.027950311,0.046583851,0.043478261,0.02173913,0.027950311,0.363354037,0.01552795,0.142857143
text929,0.272,0.06,0.072,0.124,0.112,0.044,0.048,0.04,0.04,0.188
text254,0.269121813,0.305949008,0.076487252,0.031161473,0.033994334,0.065155807,0.016997167,0.090651558,0.073654391,0.036827195
text404,0.268551237,0.049469965,0.038869258,0.028268551,0.176678445,0.021201413,0.067137809,0.137809187,0.028268551,0.183745583
text1161,0.267015707,0.157068063,0.094240838,0.036649215,0.078534031,0.041884817,0.167539267,0.041884817,0.073298429,0.041884817
text171,0.266304348,0.394021739,0.032608696,0.067934783,0.059782609,0.02173913,0.019021739,0.027173913,0.067934783,0.043478261
text781,0.265873016,0.027777778,0.075396825,0.027777778,0.222222222,0.087301587,0.055555556,0.03968254,0.150793651,0.047619048
text591,0.265780731,0.212624585,0.029900332,0.225913621,0.03654485,0.019933555,0.026578073,0.046511628,0.053156146,0.083056478
text169,0.265753425,0.232876712,0.079452055,0.052054795,0.123287671,0.038356164,0.02739726,0.060273973,0.04109589,0.079452055
text768,0.264264264,0.24024024,0.051051051,0.054054054,0.045045045,0.048048048,0.087087087,0.114114114,0.069069069,0.027027027
text652,0.263736264,0.021978022,0.03021978,0.252747253,0.016483516,0.016483516,0.027472527,0.041208791,0.03021978,0.299450549
text1364,0.261904762,0.019480519,0.019480519,0.019480519,0.075757576,0.034632035,0.023809524,0.439393939,0.028138528,0.077922078
text298,0.261437908,0.041394336,0.026143791,0.019607843,0.276688453,0.026143791,0.039215686,0.167755991,0.078431373,0.063180828
text116,0.260450161,0.045016077,0.019292605,0.231511254,0.125401929,0.041800643,0.019292605,0.045016077,0.022508039,0.189710611
text947,0.260233918,0.023391813,0.020467836,0.029239766,0.043859649,0.026315789,0.043859649,0.020467836,0.049707602,0.48245614
text320,0.259793814,0.226804124,0.035051546,0.070103093,0.053608247,0.022680412,0.088659794,0.121649485,0.07628866,0.045360825
text953,0.257961783,0.038216561,0.089171975,0.162420382,0.136942675,0.02866242,0.041401274,0.092356688,0.038216561,0.114649682
text1162,0.256809339,0.20233463,0.070038911,0.027237354,0.042801556,0.046692607,0.19844358,0.046692607,0.054474708,0.054474708
text967,0.253363229,0.051569507,0.015695067,0.19955157,0.024663677,0.031390135,0.038116592,0.047085202,0.024663677,0.313901345
text294,0.253275109,0.181222707,0.030567686,0.054585153,0.030567686,0.037117904,0.098253275,0.192139738,0.06768559,0.054585153
text198,0.249283668,0.260744986,0.037249284,0.088825215,0.054441261,0.045845272,0.054441261,0.083094556,0.083094556,0.042979943
text381,0.245989305,0.475935829,0.024064171,0.050802139,0.026737968,0.026737968,0.013368984,0.048128342,0.053475936,0.034759358
text516,0.245495495,0.056306306,0.02027027,0.117117117,0.128378378,0.018018018,0.128378378,0.015765766,0.033783784,0.236486486
text959,0.245318352,0.095505618,0.014981273,0.058052434,0.026217228,0.031835206,0.031835206,0.061797753,0.024344569,0.41011236
text1239,0.244186047,0.369186047,0.052325581,0.084302326,0.046511628,0.029069767,0.049418605,0.01744186,0.063953488,0.043604651
text62,0.242214533,0.211072664,0.031141869,0.027681661,0.027681661,0.076124567,0.204152249,0.089965398,0.065743945,0.024221453
text957,0.241457859,0.054669704,0.031890661,0.027334852,0.088838269,0.079726651,0.029612756,0.054669704,0.020501139,0.371298405
text234,0.239700375,0.337078652,0.048689139,0.041198502,0.097378277,0.033707865,0.041198502,0.033707865,0.052434457,0.074906367
text1171,0.238095238,0.047619048,0.038095238,0.171428571,0.042857143,0.038095238,0.042857143,0.042857143,0.042857143,0.295238095
text243,0.234375,0.046875,0.045454545,0.036931818,0.194602273,0.029829545,0.021306818,0.272727273,0.017045455,0.100852273
text151,0.233743409,0.026362039,0.061511424,0.014059754,0.196836555,0.098418278,0.066783831,0.16344464,0.052724077,0.086115993
text1319,0.232380952,0.045714286,0.051428571,0.04952381,0.100952381,0.019047619,0.066666667,0.045714286,0.017142857,0.371428571
text252,0.229299363,0.361464968,0.041401274,0.03343949,0.105095541,0.031847134,0.031847134,0.049363057,0.103503185,0.012738854
text140,0.228611501,0.012622721,0.037868163,0.01542777,0.430575035,0.089761571,0.023842917,0.071528752,0.049088359,0.040673212
text658,0.228571429,0.014285714,0.037142857,0.017142857,0.214285714,0.1,0.028571429,0.24,0.034285714,0.085714286
text453,0.227979275,0.051813472,0.069948187,0.064766839,0.323834197,0.132124352,0.028497409,0.031088083,0.03626943,0.033678756
text300,0.226600985,0.243842365,0.02955665,0.133004926,0.098522167,0.068965517,0.039408867,0.054187192,0.051724138,0.054187192
text869,0.226262626,0.226262626,0.022222222,0.028282828,0.050505051,0.03030303,0.292929293,0.058585859,0.038383838,0.026262626
text1193,0.22605364,0.04789272,0.021072797,0.143678161,0.289272031,0.028735632,0.022988506,0.045977011,0.042145594,0.132183908
text1148,0.225806452,0.102150538,0.037634409,0.198924731,0.069892473,0.043010753,0.048387097,0.032258065,0.059139785,0.182795699
text322,0.223140496,0.018595041,0.092975207,0.022727273,0.326446281,0.103305785,0.068181818,0.055785124,0.061983471,0.026859504
text311,0.222627737,0.03649635,0.379562044,0.032846715,0.087591241,0.054744526,0.047445255,0.054744526,0.02189781,0.062043796
text497,0.219594595,0.040540541,0.060810811,0.037162162,0.253378378,0.030405405,0.040540541,0.047297297,0.087837838,0.182432432
text757,0.219298246,0.043859649,0.061403509,0.061403509,0.087719298,0.087719298,0.043859649,0.245614035,0.061403509,0.087719298
text313,0.218829517,0.361323155,0.06870229,0.063613232,0.066157761,0.017811705,0.040712468,0.10178117,0.03307888,0.027989822
text1300,0.217021277,0.259574468,0.09787234,0.021276596,0.065957447,0.038297872,0.025531915,0.138297872,0.117021277,0.019148936
text550,0.211886305,0.031007752,0.03875969,0.041343669,0.051679587,0.051679587,0.023255814,0.090439276,0.036175711,0.42377261
text1191,0.211267606,0.018779343,0.049295775,0.018779343,0.319248826,0.223004695,0.037558685,0.021126761,0.063380282,0.037558685
text915,0.211096076,0.01623816,0.027063599,0.0135318,0.069012179,0.043301759,0.466847091,0.033829499,0.105548038,0.0135318
text570,0.20979021,0.038461538,0.031468531,0.136363636,0.129370629,0.073426573,0.076923077,0.024475524,0.041958042,0.237762238
text365,0.209125475,0.034220532,0.053231939,0.034220532,0.159695817,0.16730038,0.076045627,0.205323194,0.034220532,0.02661597
text147,0.20754717,0.025157233,0.022012579,0.028301887,0.050314465,0.050314465,0.031446541,0.512578616,0.053459119,0.018867925
text335,0.206956522,0.026086957,0.015652174,0.053913043,0.11826087,0.022608696,0.024347826,0.024347826,0.015652174,0.492173913
text694,0.206214689,0.036723164,0.398305085,0.048022599,0.084745763,0.056497175,0.016949153,0.050847458,0.06779661,0.033898305
text131,0.205816555,0.391498881,0.022371365,0.091722595,0.046979866,0.035794183,0.020134228,0.120805369,0.042505593,0.022371365
text937,0.205574913,0.442508711,0.038327526,0.020905923,0.017421603,0.059233449,0.069686411,0.059233449,0.066202091,0.020905923
text1019,0.205128205,0.502210433,0.019451813,0.018567639,0.060123784,0.068081344,0.015030946,0.069849691,0.024756852,0.016799293
text1334,0.204035874,0.040358744,0.042600897,0.042600897,0.087443946,0.096412556,0.316143498,0.069506726,0.076233184,0.024663677
text367,0.203571429,0.05,0.053571429,0.042857143,0.207142857,0.05,0.089285714,0.092857143,0.075,0.135714286
text729,0.202797203,0.034965035,0.052447552,0.020979021,0.311188811,0.13986014,0.059440559,0.048951049,0.055944056,0.073426573
text1027,0.202502844,0.131968146,0.030716724,0.025028441,0.034129693,0.014789534,0.025028441,0.345847554,0.054607509,0.135381115
text196,0.201909959,0.057298772,0.051841746,0.021828104,0.084583902,0.017735334,0.047748977,0.080491132,0.099590723,0.336971351
text210,0.201017812,0.335877863,0.038167939,0.053435115,0.050890585,0.03562341,0.015267176,0.083969466,0.094147583,0.091603053
text1064,0.200680272,0.068027211,0.027210884,0.017006803,0.06122449,0.040816327,0.445578231,0.078231293,0.020408163,0.040816327
text958,0.200626959,0.043887147,0.037617555,0.156739812,0.07523511,0.028213166,0.056426332,0.015673981,0.034482759,0.351097179
text291,0.199619772,0.142585551,0.051330798,0.019011407,0.144486692,0.070342205,0.117870722,0.074144487,0.146387833,0.034220532
text902,0.19941349,0.287390029,0.029325513,0.06744868,0.085043988,0.026392962,0.170087977,0.032258065,0.052785924,0.049853372
text562,0.199324324,0.023648649,0.077702703,0.195945946,0.195945946,0.030405405,0.027027027,0.027027027,0.043918919,0.179054054
text507,0.19858156,0.177304965,0.09929078,0.070921986,0.056737589,0.042553191,0.056737589,0.120567376,0.09929078,0.078014184
text1138,0.197994987,0.040100251,0.025062657,0.070175439,0.135338346,0.037593985,0.015037594,0.027568922,0.037593985,0.413533835
text36,0.197019868,0.033112583,0.021523179,0.033112583,0.052980132,0.043046358,0.039735099,0.029801325,0.062913907,0.486754967
text828,0.196022727,0.028409091,0.090909091,0.028409091,0.255681818,0.133522727,0.045454545,0.096590909,0.036931818,0.088068182
text1130,0.195571956,0.186346863,0.132841328,0.022140221,0.016605166,0.035055351,0.02398524,0.23800738,0.038745387,0.110701107
text346,0.195402299,0.290804598,0.056321839,0.017241379,0.182758621,0.043678161,0.029885057,0.016091954,0.145977011,0.02183908
text1120,0.194174757,0.025889968,0.025889968,0.038834951,0.035598706,0.01618123,0.061488673,0.035598706,0.035598706,0.530744337
text256,0.194139194,0.023809524,0.021978022,0.161172161,0.120879121,0.062271062,0.018315018,0.016483516,0.023809524,0.357142857
text826,0.193965517,0.181034483,0.033405172,0.036637931,0.100215517,0.043103448,0.226293103,0.088362069,0.064655172,0.032327586
text1302,0.19384058,0.206521739,0.052536232,0.018115942,0.077898551,0.039855072,0.123188406,0.139492754,0.052536232,0.096014493
text566,0.193693694,0.058558559,0.09009009,0.04954955,0.18018018,0.099099099,0.040540541,0.076576577,0.108108108,0.103603604
text1381,0.192622951,0.137704918,0.028688525,0.019672131,0.36557377,0.036885246,0.024590164,0.108196721,0.02295082,0.063114754
text1352,0.191489362,0.079027356,0.021276596,0.045592705,0.03343465,0.039513678,0.212765957,0.024316109,0.030395137,0.32218845
text6,0.191310976,0.046493902,0.09527439,0.016006098,0.432164634,0.037347561,0.017530488,0.054878049,0.023628049,0.085365854
text1324,0.190775681,0.037735849,0.020964361,0.299790356,0.153039832,0.052410901,0.012578616,0.023060797,0.100628931,0.109014675
text179,0.188679245,0.094339623,0.125786164,0.188679245,0.06918239,0.06918239,0.044025157,0.031446541,0.081761006,0.106918239
text1237,0.188299817,0.093235832,0.023765996,0.151736746,0.043875686,0.027422303,0.027422303,0.018281536,0.014625229,0.411334552
text272,0.186714542,0.014362657,0.016157989,0.078994614,0.052064632,0.02513465,0.023339318,0.016157989,0.023339318,0.563734291
text889,0.186700767,0.319693095,0.028132992,0.051150895,0.089514066,0.025575448,0.043478261,0.10741688,0.056265985,0.092071611
text485,0.185714286,0.218367347,0.026530612,0.087755102,0.040816327,0.024489796,0.320408163,0.016326531,0.028571429,0.051020408
text987,0.185185185,0.189300412,0.08436214,0.03909465,0.057613169,0.037037037,0.041152263,0.102880658,0.030864198,0.232510288
text662,0.185185185,0.083820663,0.025341131,0.033138402,0.142300195,0.037037037,0.04288499,0.313840156,0.04288499,0.093567251
text905,0.184584178,0.042596349,0.010141988,0.37525355,0.050709939,0.014198783,0.026369168,0.022312373,0.022312373,0.251521298
text111,0.183561644,0.02739726,0.057534247,0.02739726,0.095890411,0.084931507,0.024657534,0.093150685,0.35890411,0.046575342
text1048,0.183014354,0.046650718,0.0215311,0.008373206,0.238038278,0.016746411,0.295454545,0.118421053,0.031100478,0.040669856
text940,0.182758621,0.017241379,0.055172414,0.04137931,0.403448276,0.051724138,0.031034483,0.062068966,0.044827586,0.110344828
text184,0.182495345,0.039106145,0.037243948,0.014897579,0.091247672,0.026070764,0.029795158,0.067039106,0.040968343,0.47113594
text1263,0.182377049,0.543032787,0.028688525,0.036885246,0.016393443,0.038934426,0.032786885,0.030737705,0.038934426,0.051229508
text406,0.182336182,0.07977208,0.088319088,0.05982906,0.05982906,0.173789174,0.022792023,0.065527066,0.233618234,0.034188034
