filename,1,2,3,4,5,6,7,8
text1000,0.0582901554404145,0.0479274611398964,0.120466321243523,0.441709844559585,0.156735751295337,0.0427461139896373,0.0531088082901554,0.0790155440414508
text1001,0.0494269340974212,0.0379656160458453,0.101002865329513,0.33595988538682,0.333094555873926,0.0379656160458453,0.0436962750716332,0.0608882521489971
text1002,0.0858050847457627,0.0858050847457627,0.0858050847457627,0.106991525423729,0.31885593220339,0.106991525423729,0.051906779661017,0.157838983050847
text1003,0.0462786259541985,0.0520038167938931,0.0138358778625954,0.244751908396947,0.454675572519084,0.0768129770992366,0.0176526717557252,0.0939885496183206
text1004,0.125311720698254,0.0604738154613466,0.180174563591022,0.312344139650873,0.0305486284289277,0.0554862842892768,0.0430174563591022,0.192643391521197
text1005,0.0449766355140187,0.070677570093458,0.206191588785047,0.38142523364486,0.0449766355140187,0.0940420560747664,0.0473130841121495,0.110397196261682
text1006,0.0731382978723404,0.30008865248227,0.129875886524823,0.108599290780142,0.165336879432624,0.087322695035461,0.0908687943262411,0.0447695035460993
text1007,0.0484126984126984,0.0515873015873016,0.21031746031746,0.127777777777778,0.0896825396825397,0.0992063492063492,0.318253968253968,0.0547619047619048
text1008,0.096749226006192,0.161764705882353,0.0410216718266254,0.0565015479876161,0.0410216718266254,0.130804953560372,0.301083591331269,0.171052631578947
text1009,0.0753731343283582,0.0365671641791045,0.0455223880597015,0.203731343283582,0.335074626865672,0.0694029850746269,0.135074626865672,0.0992537313432836
text1010,0.051556420233463,0.0904669260700389,0.156614785992218,0.370622568093385,0.0632295719844358,0.0554474708171206,0.0554474708171206,0.156614785992218
text1011,0.0428870292887029,0.0428870292887029,0.335774058577406,0.130753138075314,0.273012552301255,0.0638075313807531,0.051255230125523,0.0596234309623431
text1012,0.0903361344537815,0.0595238095238095,0.084733893557423,0.227591036414566,0.0427170868347339,0.0735294117647059,0.264005602240896,0.157563025210084
text1013,0.0307881773399015,0.0554187192118227,0.0997536945812808,0.0800492610837438,0.193349753694581,0.129310344827586,0.36576354679803,0.0455665024630542
text1014,0.116891891891892,0.0601351351351351,0.0628378378378378,0.0439189189189189,0.0358108108108108,0.0574324324324324,0.414189189189189,0.208783783783784
text1015,0.0603448275862069,0.0751231527093596,0.0849753694581281,0.390394088669951,0.0948275862068965,0.0899014778325123,0.0701970443349754,0.13423645320197
text1016,0.109673024523161,0.0688010899182561,0.0442779291553134,0.0606267029972752,0.0579019073569482,0.504768392370572,0.0551771117166213,0.0987738419618529
text1017,0.168960244648318,0.0741590214067278,0.0680428134556575,0.0802752293577982,0.101681957186544,0.0711009174311927,0.0802752293577982,0.355504587155963
text1018,0.134417808219178,0.0590753424657534,0.144691780821918,0.250856164383562,0.0316780821917808,0.100171232876712,0.086472602739726,0.19263698630137
text1019,0.0913716814159292,0.0745575221238938,0.0303097345132743,0.0444690265486726,0.524115044247788,0.136504424778761,0.0205752212389381,0.0780973451327434
text1020,0.0991379310344828,0.127873563218391,0.110632183908046,0.0474137931034483,0.0531609195402299,0.0991379310344828,0.392241379310345,0.0704022988505747
text1021,0.054093567251462,0.0236842105263158,0.358187134502924,0.162865497076023,0.327777777777778,0.0178362573099415,0.014327485380117,0.0412280701754386
text1022,0.0970198675496689,0.0400662251655629,0.486423841059603,0.108940397350993,0.0400662251655629,0.0586092715231788,0.106291390728477,0.0625827814569537
text1023,0.0571161048689139,0.135767790262172,0.0571161048689139,0.0795880149812734,0.0346441947565543,0.117041198501873,0.442883895131086,0.0758426966292135
text1024,0.102051835853132,0.0394168466522678,0.231641468682505,0.153887688984881,0.0264578833693305,0.307235421166307,0.0998920086393089,0.0394168466522678
text1025,0.0701438848920863,0.0341726618705036,0.393884892086331,0.252398081534772,0.0413669064748201,0.038968824940048,0.0605515587529976,0.108513189448441
text1026,0.118832236842105,0.0333059210526316,0.186266447368421,0.0382401315789474,0.0694901315789474,0.0398848684210526,0.0185032894736842,0.495476973684211
text1027,0.0389647326507395,0.112912400455063,0.0287258248009101,0.0617178612059158,0.108361774744027,0.187997724687144,0.186860068259386,0.274459613196815
text1028,0.0422453703703704,0.0584490740740741,0.0422453703703704,0.0607638888888889,0.0677083333333333,0.120949074074074,0.431134259259259,0.17650462962963
text1029,0.0425438596491228,0.0390350877192983,0.0671052631578947,0.135526315789474,0.410964912280702,0.0951754385964912,0.0706140350877193,0.139035087719298
text1030,0.05390625,0.09453125,0.05703125,0.12265625,0.48515625,0.07265625,0.05703125,0.05703125
text1031,0.0524764150943396,0.0831367924528302,0.175117924528302,0.0548349056603774,0.198702830188679,0.0902122641509434,0.0689858490566038,0.276533018867925
text1032,0.0516759776536313,0.157821229050279,0.0572625698324022,0.079608938547486,0.085195530726257,0.0963687150837989,0.392458100558659,0.079608938547486
text1033,0.0326086956521739,0.0309983896940419,0.531803542673108,0.138888888888889,0.0825281803542673,0.0664251207729469,0.0309983896940419,0.0857487922705314
text1034,0.0480769230769231,0.143099547511312,0.0254524886877828,0.167986425339367,0.163461538461538,0.0503393665158371,0.301470588235294,0.100113122171946
text1035,0.10400390625,0.21337890625,0.05126953125,0.08837890625,0.15087890625,0.06298828125,0.22314453125,0.10595703125
text1036,0.0491071428571429,0.275297619047619,0.126488095238095,0.0729166666666667,0.102678571428571,0.251488095238095,0.0729166666666667,0.0491071428571429
text1037,0.0638801261829653,0.082807570977918,0.407728706624606,0.180599369085174,0.0260252365930599,0.0607255520504732,0.0481072555205047,0.1301261829653
text1038,0.0823943661971831,0.133098591549296,0.0936619718309859,0.124647887323944,0.0654929577464789,0.380985915492958,0.0626760563380282,0.0570422535211268
text1039,0.0644736842105263,0.0486842105263158,0.522368421052632,0.106578947368421,0.0697368421052632,0.0855263157894737,0.0644736842105263,0.0381578947368421
text1040,0.0367647058823529,0.0544117647058824,0.0897058823529412,0.336764705882353,0.119117647058824,0.0955882352941176,0.154411764705882,0.113235294117647
text1041,0.0946180555555556,0.0460069444444445,0.316840277777778,0.0564236111111111,0.115451388888889,0.129340277777778,0.0390625,0.202256944444444
text1042,0.169478527607362,0.0283742331288344,0.0437116564417178,0.0283742331288344,0.0437116564417178,0.0437116564417178,0.34739263803681,0.295245398773006
text1043,0.344465648854962,0.058206106870229,0.0391221374045802,0.0429389312977099,0.0467557251908397,0.0505725190839695,0.0925572519083969,0.325381679389313
text1044,0.11195652173913,0.033695652173913,0.0510869565217391,0.0539855072463768,0.561231884057971,0.0452898550724638,0.0221014492753623,0.120652173913043
text1045,0.0191415313225058,0.0446635730858469,0.513341067285383,0.0423433874709977,0.227958236658933,0.0539443155452436,0.0261020881670534,0.0725058004640371
text1046,0.030327868852459,0.0729508196721312,0.030327868852459,0.295901639344262,0.207377049180328,0.286065573770492,0.0368852459016393,0.0401639344262295
text1047,0.0397897897897898,0.0788288288288288,0.237987987987988,0.316066066066066,0.0668168168168168,0.0728228228228228,0.0307807807807808,0.156906906906907
text1048,0.083433734939759,0.141265060240964,0.32921686746988,0.0701807228915663,0.0484939759036145,0.215963855421687,0.0352409638554217,0.0762048192771084
text1049,0.0762806236080178,0.0339643652561247,0.0584632516703786,0.0540089086859688,0.385857461024499,0.049554565701559,0.0851893095768374,0.256681514476615
text1050,0.25,0.0336734693877551,0.143877551020408,0.107142857142857,0.0622448979591837,0.11530612244898,0.143877551020408,0.143877551020408
text1051,0.115339578454333,0.0661592505854801,0.047423887587822,0.0427400468384075,0.0286885245901639,0.0708430913348946,0.445550351288056,0.183255269320843
text1052,0.25802752293578,0.0561926605504587,0.0653669724770642,0.069954128440367,0.0378440366972477,0.0424311926605505,0.0928899082568807,0.377293577981651
text1053,0.0369897959183673,0.0471938775510204,0.332908163265306,0.292091836734694,0.0420918367346939,0.0676020408163265,0.0676020408163265,0.113520408163265
text1054,0.0340106007067138,0.0181095406360424,0.178886925795053,0.572879858657244,0.0799469964664311,0.0410777385159011,0.021643109540636,0.0534452296819788
text1055,0.233193277310924,0.0343137254901961,0.0287114845938375,0.0427170868347339,0.023109243697479,0.0791316526610644,0.193977591036415,0.36484593837535
text1056,0.0625,0.0424270072992701,0.469434306569343,0.186587591240876,0.0223540145985401,0.051551094890511,0.0716240875912409,0.093521897810219
text1057,0.0401740020470829,0.06985670419652,0.525332650972364,0.136386898669396,0.0596212896622313,0.0913510747185261,0.0452917093142272,0.031985670419652
text1058,0.086441893830703,0.102223816355811,0.436513629842181,0.208393113342898,0.0190100430416069,0.0491391678622669,0.0362266857962697,0.062051649928264
text1059,0.056695464362851,0.056695464362851,0.497300215982721,0.179805615550756,0.0415766738660907,0.0437365010799136,0.0545356371490281,0.0696544276457883
text1060,0.0341225626740947,0.0285515320334262,0.56058495821727,0.0842618384401114,0.0452646239554318,0.0341225626740947,0.120473537604457,0.0926183844011142
text1061,0.0258474576271186,0.0309322033898305,0.683474576271187,0.0766949152542373,0.0682203389830508,0.0326271186440678,0.0309322033898305,0.051271186440678
text1062,0.0495466321243523,0.0158678756476684,0.487370466321244,0.189443005181347,0.110427461139896,0.0560233160621762,0.0301165803108808,0.0612046632124352
text1063,0.0641112618724559,0.0383310719131615,0.62449118046133,0.0898914518317503,0.0478290366350068,0.0274762550881954,0.0627544097693352,0.0451153324287653
text1064,0.0486348122866894,0.0520477815699659,0.348976109215017,0.130546075085324,0.0486348122866894,0.260238907849829,0.0656996587030717,0.045221843003413
text1065,0.0586124401913876,0.0921052631578947,0.135167464114833,0.0442583732057416,0.245215311004785,0.0825358851674641,0.139952153110048,0.202153110047847
text1066,0.0921762589928058,0.318794964028777,0.273830935251799,0.0364208633093525,0.0256294964028777,0.0526079136690647,0.0759892086330935,0.12455035971223
text1067,0.206701030927835,0.0520618556701031,0.0479381443298969,0.0458762886597938,0.027319587628866,0.355154639175258,0.120103092783505,0.144845360824742
text1068,0.124429223744292,0.110730593607306,0.124429223744292,0.133561643835616,0.0742009132420091,0.133561643835616,0.229452054794521,0.069634703196347
text1069,0.0359848484848485,0.104166666666667,0.470328282828283,0.0713383838383838,0.0991161616161616,0.0763888888888889,0.0890151515151515,0.0536616161616162
text1070,0.0275537634408602,0.0356182795698925,0.20497311827957,0.127016129032258,0.256048387096774,0.0383064516129032,0.0705645161290323,0.23991935483871
text1071,0.123983739837398,0.0752032520325203,0.148373983739837,0.15650406504065,0.0752032520325203,0.172764227642276,0.0995934959349593,0.148373983739837
text1072,0.048469387755102,0.0246598639455782,0.048469387755102,0.395408163265306,0.143707482993197,0.0790816326530612,0.208333333333333,0.0518707482993197
text1073,0.114431486880466,0.064868804664723,0.0677842565597668,0.0998542274052478,0.0969387755102041,0.181486880466472,0.21064139941691,0.16399416909621
text1074,0.0855034722222222,0.0542534722222222,0.0768229166666667,0.0386284722222222,0.361545138888889,0.05078125,0.0212673611111111,0.311197916666667
text1075,0.0532700421940928,0.095464135021097,0.0385021097046414,0.0511603375527426,0.0321729957805907,0.0427215189873418,0.643987341772152,0.0427215189873418
text1076,0.188444924406048,0.0437365010799136,0.104211663066955,0.0307775377969762,0.0394168466522678,0.0804535637149028,0.149568034557235,0.363390928725702
text1077,0.0409090909090909,0.143073593073593,0.0521645021645022,0.091991341991342,0.104112554112554,0.405411255411255,0.111904761904762,0.0504329004329004
text1078,0.0848540145985401,0.0629562043795621,0.0629562043795621,0.0374087591240876,0.0410583941605839,0.533759124087591,0.0812043795620438,0.0958029197080292
text1079,0.0403225806451613,0.0527295285359802,0.117245657568238,0.350496277915633,0.0775434243176179,0.0849875930521092,0.0428039702233251,0.233870967741935
text1080,0.131920415224914,0.0661764705882353,0.429498269896194,0.0436851211072664,0.0575259515570934,0.0454152249134948,0.0886678200692042,0.137110726643599
text1081,0.115030674846626,0.243865030674847,0.0434560327198364,0.102760736196319,0.30521472392638,0.0639059304703476,0.0393660531697342,0.08640081799591
text1082,0.296901172529313,0.0221943048576214,0.0305695142378559,0.0523450586264657,0.0406197654941374,0.0489949748743719,0.0456448911222781,0.462730318257956
text1083,0.150751072961373,0.0584763948497854,0.0370171673819742,0.0670600858369099,0.491952789699571,0.0477467811158798,0.0541845493562232,0.0928111587982833
text1084,0.0994318181818182,0.0653409090909091,0.0956439393939394,0.0539772727272727,0.103219696969697,0.194128787878788,0.114583333333333,0.273674242424242
text1085,0.0304726368159204,0.0528606965174129,0.070273631840796,0.0528606965174129,0.540422885572139,0.107587064676617,0.0404228855721393,0.105099502487562
text1086,0.0389957264957265,0.216346153846154,0.0325854700854701,0.0667735042735043,0.0411324786324786,0.120192307692308,0.440705128205128,0.0432692307692308
text1087,0.0722222222222222,0.0277777777777778,0.0411111111111111,0.0633333333333333,0.0455555555555556,0.663333333333333,0.0322222222222222,0.0544444444444444
text1088,0.0588888888888889,0.0411111111111111,0.0366666666666667,0.0411111111111111,0.0411111111111111,0.676666666666667,0.0588888888888889,0.0455555555555556
text1089,0.0269679300291545,0.076530612244898,0.0444606413994169,0.362244897959184,0.327259475218659,0.0823615160349854,0.0444606413994169,0.0357142857142857
text1090,0.315749235474006,0.0435779816513761,0.0313455657492355,0.0374617737003058,0.0466360856269113,0.0435779816513761,0.306574923547401,0.175076452599388
text1091,0.0776041666666667,0.481770833333333,0.0359375,0.0567708333333333,0.1421875,0.0317708333333333,0.0859375,0.0880208333333333
text1092,0.0335603112840467,0.0471789883268483,0.0958171206225681,0.0549610894941634,0.403210116731518,0.0374513618677043,0.290369649805448,0.0374513618677043
text1093,0.0242316784869976,0.149527186761229,0.0478723404255319,0.132978723404255,0.0809692671394799,0.16371158392435,0.362293144208038,0.0384160756501182
text1094,0.0779742765273312,0.087620578778135,0.042604501607717,0.0554662379421222,0.0329581993569132,0.582797427652733,0.0490353697749196,0.0715434083601286
text1095,0.0401162790697674,0.13546511627907,0.0261627906976744,0.0796511627906977,0.0261627906976744,0.605232558139535,0.061046511627907,0.0261627906976744
text1096,0.0382037533512064,0.665549597855228,0.0408847184986595,0.0382037533512064,0.0408847184986595,0.0542895442359249,0.0918230563002681,0.0301608579088472
text1097,0.171416938110749,0.256107491856678,0.0313517915309446,0.0704397394136808,0.122557003257329,0.0378664495114007,0.0215798045602606,0.288680781758958
text1098,0.108664772727273,0.284801136363636,0.0319602272727273,0.0262784090909091,0.0376420454545455,0.131392045454545,0.0660511363636364,0.313210227272727
text1099,0.0352664576802508,0.0321316614420063,0.0227272727272727,0.0415360501567398,0.0258620689655172,0.737460815047022,0.0415360501567398,0.0634796238244514
text1100,0.0671965317919075,0.0643063583815029,0.0382947976878613,0.0527456647398844,0.0267341040462428,0.653901734104046,0.055635838150289,0.0411849710982659
text1101,0.100235849056604,0.0436320754716981,0.0436320754716981,0.0341981132075472,0.0625,0.538915094339623,0.0483490566037736,0.128537735849057
text1102,0.0456081081081081,0.0929054054054054,0.0388513513513514,0.0411036036036036,0.0433558558558559,0.0681306306306306,0.57713963963964,0.0929054054054054
text1103,0.0277149321266968,0.593325791855204,0.0254524886877828,0.0254524886877828,0.0209276018099547,0.10237556561086,0.170248868778281,0.0345022624434389
text1104,0.0178288431061807,0.0891442155309033,0.0954833597464342,0.0923137876386688,0.288827258320127,0.0241679873217116,0.293581616481775,0.0986529318541997
text1105,0.164933444259567,0.0201747088186356,0.0293261231281198,0.0534525790349418,0.443635607321131,0.019342762063228,0.0268302828618968,0.242304492512479
text1106,0.143518518518519,0.212301587301587,0.0244708994708995,0.0350529100529101,0.0350529100529101,0.0482804232804233,0.44510582010582,0.0562169312169312
text1107,0.091540404040404,0.104166666666667,0.124368686868687,0.0511363636363636,0.0763888888888889,0.119318181818182,0.106691919191919,0.326388888888889
text1108,0.0448243992606285,0.039279112754159,0.0355822550831793,0.290665434380776,0.274029574861368,0.24630314232902,0.0263401109057301,0.0429759704251386
text1109,0.0461672473867596,0.0496515679442509,0.063588850174216,0.34581881533101,0.136759581881533,0.157665505226481,0.0670731707317073,0.133275261324042
text1110,0.0727163461538462,0.0222355769230769,0.0582932692307692,0.464543269230769,0.0775240384615385,0.0318509615384615,0.0270432692307692,0.245793269230769
text1111,0.075,0.0568181818181818,0.0568181818181818,0.147727272727273,0.075,0.0659090909090909,0.284090909090909,0.238636363636364
text1112,0.0437725631768953,0.0275270758122744,0.103339350180505,0.511281588447654,0.155685920577617,0.0564079422382671,0.0257220216606498,0.0762635379061372
text1113,0.0396341463414634,0.0981707317073171,0.0737804878048781,0.515243902439024,0.0371951219512195,0.0591463414634146,0.0298780487804878,0.146951219512195
text1114,0.0415601023017903,0.0262148337595908,0.15153452685422,0.45843989769821,0.0824808184143223,0.0850383631713555,0.0671355498721228,0.0875959079283888
text1115,0.0758495145631068,0.070995145631068,0.0515776699029126,0.10254854368932,0.376820388349515,0.0515776699029126,0.219053398058252,0.0515776699029126
text1116,0.047360248447205,0.0225155279503106,0.0380434782608696,0.0566770186335404,0.0287267080745342,0.739906832298137,0.031832298136646,0.0349378881987578
text1117,0.0480392156862745,0.0990196078431373,0.0480392156862745,0.0480392156862745,0.0519607843137255,0.0441176470588235,0.546078431372549,0.114705882352941
text1118,0.0397465437788018,0.0305299539170507,0.36463133640553,0.0858294930875576,0.350806451612903,0.0581797235023042,0.0420506912442396,0.0282258064516129
text1119,0.041868932038835,0.0321601941747573,0.0467233009708738,0.418082524271845,0.211771844660194,0.0297330097087379,0.165655339805825,0.054004854368932
text1120,0.0206270627062706,0.169141914191419,0.0569306930693069,0.0965346534653465,0.0536303630363036,0.175742574257426,0.38036303630363,0.047029702970297
text1121,0.0767605633802817,0.0288732394366197,0.144366197183099,0.0654929577464789,0.0345070422535211,0.344366197183099,0.0880281690140845,0.217605633802817
text1122,0.021828665568369,0.0531301482701812,0.0514827018121911,0.0383031301482702,0.580313014827018,0.0531301482701812,0.0399505766062603,0.161861614497529
text1123,0.193985849056604,0.0854952830188679,0.0524764150943396,0.0548349056603774,0.0972877358490566,0.0383254716981132,0.0406839622641509,0.436910377358491
text1124,0.0517337807606264,0.0517337807606264,0.0293624161073826,0.637863534675615,0.102069351230425,0.0248881431767338,0.0405480984340045,0.0618008948545861
text1125,0.0533256880733945,0.0739678899082569,0.044151376146789,0.044151376146789,0.0464449541284404,0.0418577981651376,0.601490825688074,0.0946100917431193
text1126,0.0397727272727273,0.0397727272727273,0.0462662337662338,0.354707792207792,0.374188311688312,0.036525974025974,0.0430194805194805,0.0657467532467533
text1127,0.101612903225806,0.0629032258064516,0.028494623655914,0.0370967741935484,0.514516129032258,0.0349462365591398,0.071505376344086,0.148924731182796
text1128,0.0816455696202532,0.0765822784810127,0.0487341772151899,0.0537974683544304,0.0386075949367089,0.598101265822785,0.0234177215189873,0.0791139240506329
text1129,0.0636261261261261,0.146959459459459,0.0456081081081081,0.0951576576576577,0.419481981981982,0.0771396396396396,0.0478603603603604,0.104166666666667
text1130,0.0370201096892139,0.0498171846435101,0.0461608775137112,0.0845521023765996,0.161334552102377,0.146709323583181,0.329524680073126,0.144881170018282
text1131,0.0260416666666667,0.113541666666667,0.0510416666666667,0.071875,0.0427083333333333,0.0427083333333333,0.605208333333333,0.046875
text1132,0.0218253968253968,0.151455026455026,0.0324074074074074,0.0641534391534392,0.0271164021164021,0.0403439153439153,0.606481481481482,0.0562169312169312
text1133,0.104166666666667,0.10787037037037,0.0189814814814815,0.0208333333333333,0.0634259259259259,0.0689814814814815,0.0949074074074074,0.520833333333333
text1134,0.0432584269662921,0.0387640449438202,0.524157303370787,0.0971910112359551,0.173595505617978,0.0544943820224719,0.0207865168539326,0.047752808988764
text1135,0.0311764705882353,0.0947058823529412,0.0405882352941176,0.0641176470588235,0.445294117647059,0.271176470588235,0.0217647058823529,0.0311764705882353
text1136,0.0360849056603774,0.0247641509433962,0.146462264150943,0.11061320754717,0.530424528301887,0.0200471698113208,0.071933962264151,0.0596698113207547
text1137,0.0577731092436975,0.0353641456582633,0.115196078431373,0.20343137254902,0.522759103641457,0.0227591036414566,0.0227591036414566,0.0199579831932773
text1138,0.0626550868486352,0.343052109181141,0.0700992555831266,0.0477667493796526,0.0527295285359802,0.0626550868486352,0.285980148883375,0.0750620347394541
text1139,0.062984496124031,0.0552325581395349,0.0358527131782946,0.0978682170542636,0.0242248062015504,0.652131782945737,0.0281007751937985,0.0436046511627907
text1140,0.0495169082125604,0.121980676328502,0.334541062801932,0.0688405797101449,0.165458937198068,0.0688405797101449,0.131642512077295,0.0591787439613527
text1141,0.276209677419355,0.0745967741935484,0.0665322580645161,0.0907258064516129,0.0745967741935484,0.0826612903225806,0.106854838709677,0.227822580645161
text1142,0.0381944444444444,0.232638888888889,0.0362103174603175,0.0858134920634921,0.181051587301587,0.0679563492063492,0.0580357142857143,0.300099206349206
text1143,0.0587574850299401,0.0722305389221557,0.103667664670659,0.599176646706587,0.0452844311377246,0.061751497005988,0.0243263473053892,0.0348053892215569
text1144,0.0838658146964856,0.170127795527157,0.0327476038338658,0.125399361022364,0.30111821086262,0.0710862619808307,0.109424920127796,0.106230031948882
text1145,0.0366666666666667,0.0988888888888889,0.0411111111111111,0.0988888888888889,0.0411111111111111,0.601111111111111,0.0455555555555556,0.0366666666666667
text1146,0.0823643410852713,0.423449612403101,0.0436046511627907,0.0513565891472868,0.0668604651162791,0.0901162790697674,0.190891472868217,0.0513565891472868
text1147,0.0608882521489971,0.0522922636103152,0.0236389684813754,0.078080229226361,0.0408309455587393,0.671203438395416,0.0322349570200573,0.0408309455587393
text1148,0.0445945945945946,0.374324324324324,0.0716216216216216,0.0391891891891892,0.0662162162162162,0.266216216216216,0.0932432432432432,0.0445945945945946
text1149,0.0859375,0.0457589285714286,0.0368303571428571,0.0636160714285714,0.0502232142857143,0.621651785714286,0.0457589285714286,0.0502232142857143
text1150,0.0463554987212276,0.0386828644501279,0.597506393861893,0.109015345268542,0.0783248081841432,0.0386828644501279,0.0207800511508951,0.0706521739130435
text1151,0.0573684210526316,0.03,0.331052631578947,0.234210526315789,0.0531578947368421,0.0447368421052632,0.0615789473684211,0.187894736842105
text1152,0.0828189300411523,0.38940329218107,0.0416666666666667,0.224794238683128,0.066358024691358,0.0972222222222222,0.0231481481481482,0.0745884773662551
text1153,0.183025404157044,0.0513856812933025,0.215357967667436,0.129907621247113,0.0675519630484989,0.0814087759815243,0.0513856812933025,0.219976905311778
text1154,0.11322869955157,0.108744394618834,0.0773542600896861,0.0459641255605381,0.0728699551569507,0.054932735426009,0.0773542600896861,0.449551569506727
text1155,0.0607511045655376,0.0740058910162003,0.0519145802650957,0.468703976435935,0.0342415316642121,0.0622238586156112,0.0975699558173785,0.150589101620029
text1156,0.0288120567375887,0.0678191489361702,0.0394503546099291,0.124556737588653,0.0961879432624113,0.57136524822695,0.0447695035460993,0.0270390070921986
text1157,0.0361400894187779,0.0316691505216095,0.0599850968703428,0.392324888226528,0.375931445603577,0.0316691505216095,0.0197466467958271,0.0525335320417288
text1158,0.308391003460208,0.0246539792387543,0.137110726643599,0.0921280276816609,0.0246539792387543,0.0644463667820069,0.0402249134948097,0.308391003460208
text1159,0.0506279434850863,0.0255102040816327,0.0239403453689168,0.0459183673469388,0.0788854003139718,0.0521978021978022,0.0255102040816327,0.697409733124019
text1160,0.0778409090909091,0.0323863636363636,0.0664772727272727,0.539204545454545,0.04375,0.0528409090909091,0.0301136363636364,0.157386363636364
text1161,0.0539473684210526,0.148684210526316,0.0907894736842105,0.253947368421053,0.132894736842105,0.159210526315789,0.0434210526315789,0.117105263157895
text1162,0.055019305019305,0.13996138996139,0.055019305019305,0.302123552123552,0.143822393822394,0.221042471042471,0.0472972972972973,0.0357142857142857
text1163,0.078781512605042,0.103991596638655,0.0507703081232493,0.0605742296918768,0.0143557422969188,0.0213585434173669,0.533963585434174,0.136204481792717
text1164,0.104607250755287,0.0472054380664653,0.151435045317221,0.0396525679758308,0.297960725075529,0.0185045317220544,0.0577794561933535,0.28285498489426
text1165,0.3495085995086,0.187346437346437,0.0300982800982801,0.143120393120393,0.0423832923832924,0.0472972972972973,0.0546683046683047,0.145577395577396
text1166,0.0644904458598726,0.0453821656050955,0.0326433121019108,0.58359872611465,0.125,0.0581210191082803,0.0294585987261147,0.0613057324840764
text1167,0.0815789473684211,0.299122807017544,0.0464912280701754,0.0570175438596491,0.05,0.351754385964912,0.0464912280701754,0.0675438596491228
text1168,0.0806878306878307,0.123015873015873,0.0383597883597884,0.202380952380952,0.191798941798942,0.244708994708995,0.0489417989417989,0.0701058201058201
text1169,0.0387228260869565,0.0495923913043478,0.0495923913043478,0.0224184782608696,0.0278532608695652,0.128396739130435,0.652853260869565,0.030570652173913
text1170,0.0432692307692308,0.0778846153846154,0.0932692307692308,0.0548076923076923,0.0317307692307692,0.131730769230769,0.504807692307692,0.0625
text1171,0.034037558685446,0.494131455399061,0.0387323943661972,0.0387323943661972,0.0575117370892019,0.174882629107981,0.127934272300469,0.034037558685446
text1172,0.0162565905096661,0.504833040421793,0.0303163444639719,0.0795254833040422,0.0847978910369069,0.207820738137083,0.0566783831282953,0.0197715289982425
text1173,0.0313706563706564,0.069980694980695,0.0255791505791506,0.127895752895753,0.0197876447876448,0.668436293436293,0.0352316602316602,0.0217181467181467
text1174,0.0295643153526971,0.162344398340249,0.0212655601659751,0.0233402489626556,0.0233402489626556,0.66856846473029,0.0233402489626556,0.0482365145228216
text1175,0.0385985748218527,0.102731591448931,0.0599762470308789,0.0718527315914489,0.0528503562945368,0.613420427553444,0.0195961995249406,0.0409738717339667
text1176,0.0818385650224215,0.086322869955157,0.0369955156950673,0.449551569506727,0.108744394618834,0.11322869955157,0.054932735426009,0.0683856502242153
text1177,0.0454035874439462,0.0409192825112108,0.0297085201793722,0.0454035874439462,0.0341928251121076,0.693385650224215,0.054372197309417,0.0566143497757848
text1178,0.0600890207715134,0.0719584569732938,0.267804154302671,0.365727002967359,0.122403560830861,0.021513353115727,0.0422848664688427,0.0482195845697329
text1179,0.0683098591549296,0.23169014084507,0.130281690140845,0.144366197183099,0.0345070422535211,0.0908450704225352,0.175352112676056,0.124647887323944
text1180,0.286595067621321,0.0646380270485282,0.0415672235481305,0.0733890214797136,0.0232696897374702,0.0304295942720764,0.0208830548926014,0.459228321400159
text1181,0.0309579439252336,0.222546728971963,0.040303738317757,0.173481308411215,0.0356308411214953,0.449182242990654,0.026285046728972,0.0216121495327103
text1182,0.0581140350877193,0.0361842105263158,0.0405701754385965,0.0361842105263158,0.0361842105263158,0.650219298245614,0.0449561403508772,0.0975877192982456
text1183,0.148015873015873,0.0416666666666667,0.0416666666666667,0.206746031746032,0.355952380952381,0.0464285714285714,0.0305555555555556,0.128968253968254
text1184,0.0405759162303665,0.672338568935428,0.0580279232111693,0.0440663176265271,0.0283595113438045,0.0527923211169285,0.0475567190226876,0.056282722513089
text1185,0.0813432835820895,0.0335820895522388,0.0276119402985075,0.0216417910447761,0.0694029850746269,0.690298507462687,0.0276119402985075,0.0485074626865672
text1186,0.0487132352941176,0.0303308823529412,0.0303308823529412,0.0340073529411765,0.0340073529411765,0.717830882352941,0.0523897058823529,0.0523897058823529
text1187,0.111689814814815,0.0746527777777778,0.0491898148148148,0.046875,0.0978009259259259,0.463541666666667,0.0353009259259259,0.120949074074074
text1188,0.0723495702005731,0.19269340974212,0.0265042979942693,0.0408309455587393,0.0608882521489971,0.51647564469914,0.0322349570200573,0.0580229226361032
text1189,0.0737179487179487,0.0682234432234432,0.0260989010989011,0.0480769230769231,0.555402930402931,0.0645604395604396,0.0608974358974359,0.103021978021978
text1190,0.191627358490566,0.288325471698113,0.0241745283018868,0.0430424528301887,0.0595518867924528,0.118514150943396,0.120872641509434,0.153891509433962
text1191,0.420023696682464,0.133293838862559,0.0432464454976303,0.0337677725118483,0.0242890995260664,0.18542654028436,0.0527251184834123,0.107227488151659
text1192,0.0455827067669173,0.0380639097744361,0.117011278195489,0.421522556390977,0.25234962406015,0.0455827067669173,0.0568609022556391,0.0230263157894737
text1193,0.0501912045889101,0.558795411089866,0.0253346080305927,0.0463671128107075,0.0368068833652008,0.161089866156788,0.0540152963671128,0.0673996175908222
text1194,0.0374629080118694,0.108679525222552,0.0196587537091988,0.0567507418397626,0.0211424332344214,0.559718100890208,0.166543026706231,0.0300445103857567
text1195,0.223684210526316,0.0657894736842105,0.0657894736842105,0.0950292397660819,0.0657894736842105,0.323099415204678,0.0774853801169591,0.0833333333333333
text1196,0.0803571428571429,0.495192307692308,0.0473901098901099,0.0391483516483516,0.102335164835165,0.0418956043956044,0.0611263736263736,0.132554945054945
text1197,0.0609879032258065,0.0730846774193548,0.272681451612903,0.361391129032258,0.0710685483870968,0.0831653225806452,0.0488911290322581,0.0287298387096774
text1198,0.0332880434782609,0.0251358695652174,0.590353260869565,0.0767663043478261,0.063179347826087,0.0495923913043478,0.0169836956521739,0.144701086956522
text1199,0.0195205479452055,0.0345890410958904,0.749657534246575,0.0318493150684932,0.0441780821917808,0.0428082191780822,0.0291095890410959,0.0482876712328767
text1200,0.0495951417004049,0.0819838056680162,0.0455465587044534,0.0253036437246964,0.0374493927125506,0.685222672064777,0.041497975708502,0.0334008097165992
text1201,0.0222727272727273,0.0622727272727273,0.035,0.0840909090909091,0.575,0.0440909090909091,0.0368181818181818,0.140454545454545
text1202,0.101791530944625,0.124592833876222,0.0268729641693811,0.0496742671009772,0.0594462540716612,0.443811074918567,0.150651465798046,0.0431596091205212
text1203,0.0394417475728155,0.0224514563106796,0.777305825242718,0.0224514563106796,0.024878640776699,0.0394417475728155,0.0394417475728155,0.0345873786407767
text1204,0.0367268041237113,0.0573453608247423,0.0341494845360825,0.0341494845360825,0.0418814432989691,0.577963917525773,0.173324742268041,0.0444587628865979
text1205,0.0433006535947712,0.0498366013071895,0.602124183006536,0.0661764705882353,0.0727124183006536,0.0629084967320261,0.0629084967320261,0.0400326797385621
text1206,0.0570652173913044,0.298369565217391,0.0353260869565217,0.0418478260869565,0.104891304347826,0.230978260869565,0.194021739130435,0.0375
text1207,0.055939226519337,0.0338397790055249,0.727209944751381,0.0366022099447514,0.0310773480662983,0.0310773480662983,0.0283149171270718,0.055939226519337
text1208,0.0412162162162162,0.0412162162162162,0.641216216216216,0.0790540540540541,0.0466216216216216,0.0574324324324324,0.0277027027027027,0.0655405405405405
text1209,0.533065512978986,0.121446229913473,0.0163782447466007,0.0633498145859085,0.0188504326328801,0.0225587144622991,0.0781829419035847,0.146168108776267
text1210,0.170125293657009,0.0362176977290525,0.0158574784651527,0.0244714173844949,0.033868441660141,0.0268206734534064,0.542090837901331,0.150548159749413
text1211,0.0830078125,0.0361328125,0.0439453125,0.0322265625,0.0322265625,0.6103515625,0.0634765625,0.0986328125
text1212,0.133575883575884,0.0213097713097713,0.0899168399168399,0.162681912681913,0.424636174636175,0.0358627858627859,0.0462577962577963,0.0857588357588358
text1213,0.0625,0.0577830188679245,0.0436320754716981,0.491745283018868,0.16627358490566,0.0766509433962264,0.0483490566037736,0.0530660377358491
text1214,0.0950255102040816,0.434311224489796,0.0363520408163265,0.100127551020408,0.0644132653061224,0.0235969387755102,0.100127551020408,0.146045918367347
text1215,0.0282258064516129,0.0190092165898618,0.790898617511521,0.016705069124424,0.0305299539170507,0.0420506912442396,0.0512672811059908,0.0213133640552995
text1216,0.0288461538461538,0.0592105263157895,0.682692307692308,0.0430161943319838,0.083502024291498,0.0490890688259109,0.0288461538461538,0.0247975708502024
text1217,0.025,0.0518292682926829,0.632317073170732,0.0396341463414634,0.0737804878048781,0.103048780487805,0.0347560975609756,0.0396341463414634
text1218,0.103754940711462,0.0523715415019763,0.0523715415019763,0.099802371541502,0.0642292490118577,0.0839920948616601,0.16699604743083,0.376482213438735
text1219,0.0426315789473684,0.364736842105263,0.286842105263158,0.0468421052631579,0.0342105263157895,0.0531578947368421,0.0847368421052632,0.0868421052631579
text1220,0.783512064343164,0.0301608579088472,0.0194369973190349,0.0274798927613941,0.0194369973190349,0.0328418230563003,0.0328418230563003,0.0542895442359249
text1221,0.208528037383178,0.0660046728971963,0.0216121495327103,0.0496495327102804,0.0426401869158878,0.0449766355140187,0.220210280373832,0.346378504672897
text1222,0.744123931623932,0.0347222222222222,0.0197649572649573,0.0325854700854701,0.0283119658119658,0.0261752136752137,0.0389957264957265,0.0753205128205128
text1223,0.0360759493670886,0.337341772151899,0.0284810126582279,0.0740506329113924,0.0183544303797468,0.129746835443038,0.35253164556962,0.0234177215189873
text1224,0.138797364085667,0.0234761120263591,0.656095551894564,0.03500823723229,0.0333607907742998,0.0366556836902801,0.0284184514003295,0.0481878088962109
text1225,0.0336363636363636,0.0263636363636364,0.713636363636364,0.0372727272727273,0.03,0.0736363636363636,0.0372727272727273,0.0481818181818182
text1226,0.0378989361702128,0.0352393617021277,0.0644946808510638,0.346409574468085,0.383643617021277,0.0378989361702128,0.0405585106382979,0.0538563829787234
text1227,0.097732181425486,0.153887688984881,0.0307775377969762,0.0782937365010799,0.0696544276457883,0.330993520518359,0.0307775377969762,0.207883369330454
text1228,0.0618131868131868,0.0728021978021978,0.0673076923076923,0.0563186813186813,0.0453296703296703,0.48489010989011,0.133241758241758,0.0782967032967033
text1229,0.041566265060241,0.162048192771084,0.121084337349398,0.186144578313253,0.169277108433735,0.058433734939759,0.190963855421687,0.0704819277108434
text1230,0.0215256797583082,0.0426737160120846,0.545694864048338,0.0532477341389728,0.0305891238670695,0.106117824773414,0.145392749244713,0.0547583081570997
text1231,0.17590206185567,0.0625,0.139819587628866,0.0573453608247423,0.0315721649484536,0.0805412371134021,0.0289948453608247,0.423324742268041
text1232,0.0409319899244333,0.0409319899244333,0.0636020151133501,0.219773299748111,0.499370277078086,0.0384130982367758,0.0232997481108312,0.0736775818639799
text1233,0.534073795180723,0.103350903614458,0.0250376506024096,0.0190135542168675,0.0528990963855422,0.0837725903614458,0.0310617469879518,0.150790662650602
text1234,0.0611471861471862,0.0178571428571429,0.777597402597403,0.0373376623376623,0.0178571428571429,0.0178571428571429,0.0416666666666667,0.0286796536796537
text1235,0.0730088495575221,0.0411504424778761,0.704867256637168,0.0323008849557522,0.0305309734513274,0.0535398230088496,0.0269911504424779,0.0376106194690266
text1236,0.15258064516129,0.0196774193548387,0.0519354838709677,0.0248387096774194,0.0429032258064516,0.0416129032258065,0.0648387096774194,0.601612903225806
text1237,0.0256294964028777,0.549010791366906,0.0346223021582734,0.0220323741007194,0.0723920863309353,0.102967625899281,0.171312949640288,0.0220323741007194
text1238,0.0347619047619048,0.05,0.0480952380952381,0.57952380952381,0.137619047619048,0.070952380952381,0.0233333333333333,0.0557142857142857
text1239,0.0390855457227139,0.148230088495575,0.0508849557522124,0.0420353982300885,0.407817109144543,0.165929203539823,0.0597345132743363,0.086283185840708
text1240,0.130627009646302,0.0936495176848875,0.0405948553054662,0.059887459807074,0.309083601286174,0.0486334405144695,0.032556270096463,0.284967845659164
text1241,0.05322265625,0.05712890625,0.61181640625,0.03759765625,0.08056640625,0.04541015625,0.02197265625,0.09228515625
text1242,0.0362103174603175,0.0600198412698413,0.0858134920634921,0.0739087301587302,0.474702380952381,0.0758928571428571,0.0262896825396825,0.167162698412698
text1243,0.0269607843137255,0.0498366013071895,0.615196078431373,0.0269607843137255,0.0498366013071895,0.128267973856209,0.0792483660130719,0.0236928104575163
text1244,0.0370159453302961,0.0643507972665148,0.0506833712984055,0.273917995444191,0.417425968109339,0.0757403189066059,0.025626423690205,0.0552391799544419
text1245,0.676495016611296,0.0436046511627907,0.0352990033222591,0.0286544850498339,0.0286544850498339,0.0568936877076412,0.0319767441860465,0.098421926910299
text1246,0.0298202614379085,0.270016339869281,0.073937908496732,0.118055555555556,0.296160130718954,0.0461601307189543,0.139297385620915,0.0265522875816993
text1247,0.116185897435897,0.109775641025641,0.0520833333333333,0.061698717948718,0.109775641025641,0.0456730769230769,0.276442307692308,0.228365384615385
text1248,0.0694154488517745,0.144572025052192,0.102818371607516,0.173799582463466,0.0610647181628393,0.401356993736952,0.0255741127348643,0.0213987473903967
text1249,0.0476342710997442,0.0463554987212276,0.0399616368286445,0.0233375959079284,0.0578644501278772,0.085997442455243,0.601342710997442,0.0975063938618926
text1250,0.0363013698630137,0.0719178082191781,0.0417808219178082,0.0965753424657534,0.0527397260273973,0.0280821917808219,0.592465753424658,0.0801369863013699
text1251,0.0291666666666667,0.043452380952381,0.641071428571429,0.0339285714285714,0.133928571428571,0.031547619047619,0.0339285714285714,0.0529761904761905
text1252,0.0510610079575597,0.133289124668435,0.0351458885941645,0.0537135278514589,0.0669761273209549,0.600132625994695,0.029840848806366,0.029840848806366
text1253,0.0211370262390671,0.18731778425656,0.114431486880466,0.0590379008746356,0.379737609329446,0.0415451895043732,0.120262390670554,0.076530612244898
text1254,0.0297356828193833,0.114904552129222,0.0179882525697504,0.0209251101321586,0.125183553597651,0.0356093979441997,0.473201174743025,0.182452276064611
text1255,0.0219957081545064,0.172210300429185,0.0198497854077253,0.118562231759657,0.219420600858369,0.382510729613734,0.0456008583690987,0.0198497854077253
